motorspeed-E 0.981132 16 0.981132 0.981132 0 0 0 0 0 0 0 0 0 0 0 0 0 0.981132;
tiltmode_speed-E 0.246377 16 0.246377 0.246377 0 0 0 0 0 0 0 0 0 0 0 0 0 0.246377;
tiltmode_amp-E 0.231884 16 0.231884 0.231884 0 0 0 0 0 0 0 0 0 0 0 0 0 0.231884;
tiltmode-E 0 16 0 2 0 0 0 0 0 0 0 0 0 0 0 0 0 2;
lummode_speed-E 0.376812 16 0.376812 0.376812 0 0 0 0 0 0 0 0 0 0 0 0 0 0.376812;
lummode_amp-E 0 16 0 0 0 0 0 0 0 0 0 0 0 0 0 0 0 0;
lummode-E 0 16 0 1 0 0 0 0 0 0 0 0 0 0 0 0 0 1;
panmode_speed-E 0.376812 16 0.376812 0.376812 0 0 0 0 0 0 0 0 0 0 0 0 0 0.376812;
panmode_amp-E 0.347826 16 0.347826 0.347826 0 0 0 0 0 0 0 0 0 0 0 0 0 0.347826;
panmode-E 0 16 0 2 0 0 0 0 0 0 0 0 0 0 0 0 0 2;
