tilt-2 0.278539 16 0.278539 0.589041 0 0 0 0 0 0 0 0 0 0 0 0 0 0.589041;
panmotmode-2 0 16 0 0 0 0 0 0 0 0 0 0 0 0 0 0 0 0;
lum-2-4 1 16 1 1 0 0 0 0 0 0 0 0 0 0 0 0 0 1;
pan-2-4 0.538813 16 0.538813 0.442922 0 0 0 0 0 0 0 0 0 0 0 0 0 0.442922;
lum-2-3 1 16 1 1 0 0 0 0 0 0 0 0 0 0 0 0 0 1;
pan-2-3 0.474886 16 0.474886 0.589041 0 0 0 0 0 0 0 0 0 0 0 0 0 0.589041;
lum-2-2 0.995434 16 0.995434 1 0 0 0 0 0 0 0 0 0 0 0 0 0 1;
pan-2-2 0.369863 16 0.369863 0.69863 0 0 0 0 0 0 0 0 0 0 0 0 0 0.69863;
lum-2-1 1 16 1 1 0 0 0 0 0 0 0 0 0 0 0 0 0 1;
pan-2-1 0.260274 16 0.260274 0.757991 0 0 0 0 0 0 0 0 0 0 0 0 0 0.757991;
tilt-1 0.237443 16 0.237443 0.438356 0 0 0 0 0 0 0 0 0 0 0 0 0 0.438356;
panmotmode-1 0 16 0 0 0 0 0 0 0 0 0 0 0 0 0 0 0 0;
lum-1-4 1 16 1 1 0 0 0 0 0 0 0 0 0 0 0 0 0 1;
pan-1-4 0.456621 16 0.456621 0.479452 0 0 0 0 0 0 0 0 0 0 0 0 0 0.479452;
lum-1-3 1 16 1 1 0 0 0 0 0 0 0 0 0 0 0 0 0 1;
pan-1-3 0.438356 16 0.438356 0.557078 0 0 0 0 0 0 0 0 0 0 0 0 0 0.557078;
lum-1-2 1 16 1 1 0 0 0 0 0 0 0 0 0 0 0 0 0 1;
pan-1-2 0.420091 16 0.420091 0.506849 0 0 0 0 0 0 0 0 0 0 0 0 0 0.506849;
lum-1-1 1 16 1 1 0 0 0 0 0 0 0 0 0 0 0 0 0 1;
pan-1-1 0.447489 16 0.447489 0.534247 0 0 0 0 0 0 0 0 0 0 0 0 0 0.534247;
