tilt-4 0 16 0 0 0 0 0 0 0 0 0 0 0 0 0 0 0 0;
panmotmode-4 0 16 0 0 0 0 0 0 0 0 0 0 0 0 0 0 0 0;
lum-4-4 0 16 0 0 0 0 0 0 0 0 0 0 0 0 0 0 0 0;
pan-4-4 0 16 0 0 0 0 0 0 0 0 0 0 0 0 0 0 0 0;
lum-4-3 0 16 0 0 0 0 0 0 0 0 0 0 0 0 0 0 0 0;
pan-4-3 0 16 0 0 0 0 0 0 0 0 0 0 0 0 0 0 0 0;
lum-4-2 0 16 0 0 0 0 0 0 0 0 0 0 0 0 0 0 0 0;
pan-4-2 0 16 0 0 0 0 0 0 0 0 0 0 0 0 0 0 0 0;
lum-4-1 0 16 0 0 0 0 0 0 0 0 0 0 0 0 0 0 0 0;
pan-4-1 0 16 0 0 0 0 0 0 0 0 0 0 0 0 0 0 0 0;
tilt-3 0 16 0 0 0 0 0 0 0 0 0 0 0 0 0 0 0 0;
panmotmode-3 0 16 0 0 0 0 0 0 0 0 0 0 0 0 0 0 0 0;
lum-3-4 0 16 0 0 0 0 0 0 0 0 0 0 0 0 0 0 0 0;
pan-3-4 0 16 0 0 0 0 0 0 0 0 0 0 0 0 0 0 0 0;
lum-3-3 0 16 0 0 0 0 0 0 0 0 0 0 0 0 0 0 0 0;
pan-3-3 0 16 0 0 0 0 0 0 0 0 0 0 0 0 0 0 0 0;
lum-3-2 0 16 0 0 0 0 0 0 0 0 0 0 0 0 0 0 0 0;
pan-3-2 0 16 0 0 0 0 0 0 0 0 0 0 0 0 0 0 0 0;
lum-3-1 0 16 0 0 0 0 0 0 0 0 0 0 0 0 0 0 0 0;
pan-3-1 0 16 0 0 0 0 0 0 0 0 0 0 0 0 0 0 0 0;
